99999999999999999999999999999999
99999999999999999999999999999999
99999999999999999999999999999999
99911111111111111111111111111999
99910005010000010000000000001999
99910000010000000000000010401999
99910000010000011111060011111999
99910000000111010000000000001999
99910000002000010111000000001999
99911111060111112000001000001999
99910401000000000000001000001999
99910000000000010000001050001999
99911111111111111111111111111999
99999999999999999999999999999999
99999999999999999999999999999999
99999999999999999999999999999999
